13.047,14.741
13.409,13.763
14.196,15.853
14.915,16.174
13.577,14.043
13.922,13.405999999999999
12.822000000000001,14.222999999999999
15.675999999999998,15.892000000000001
16.163,16.203
12.665999999999999,14.899000000000001
13.985,12.958
14.061,14.549000000000001
13.39,15.562000000000001
13.394,15.627
13.979000000000001,13.280999999999999
14.168,14.466
13.962,14.752
14.459000000000001,15.07
14.585,15.827
12.074000000000002,13.067
13.549000000000001,15.538
13.985999999999999,14.788
14.97,16.518
14.255999999999998,15.294
15.334000000000001,16.125
15.635,16.491
13.620999999999999,15.459000000000001
14.815,15.34
14.593,14.612
14.489,15.640999999999998
15.527000000000001,14.636
13.975,14.765
12.954,14.823
12.888,15.075999999999999
16.022000000000002,16.257
14.925999999999998,16.297
12.466,14.183
14.085,14.442
14.537,14.242
14.222999999999999,15.424000000000001
14.519,13.999
13.12,14.661
14.511,15.305
14.183,15.394
14.717,15.734000000000002
13.835,16.171
16.000999999999998,14.692
14.127,15.915
13.845999999999998,14.341
15.414000000000001,16.242
13.253,15.009
13.668,14.359000000000002
13.775,14.738
14.126,14.93
14.547,15.633
14.152999999999999,14.536
14.126,15.345
14.263,14.985999999999999
14.773,15.253
14.21,16.146
13.261,15.48
14.253,15.030999999999999
12.921,13.193
13.852,13.332
13.969000000000001,13.198
13.252,15.368
13.704,13.214
14.509,15.460999999999999
15.69,16.482
12.956,12.437000000000001
13.593,14.842
15.129000000000001,17.15
14.267000000000001,15.675999999999998
15.661,14.811
14.34,15.492
14.276,14.706
14.86,15.59
14.104000000000001,15.181
15.988,15.620999999999999
13.475,15.593
13.776,14.992
12.828,15.671
13.672,15.12
15.387,15.569
15.543,15.515
13.853,15.607000000000001
13.625,14.452
15.015999999999998,14.917
13.835999999999999,15.249
14.227,14.347999999999999
13.237,14.610999999999999
13.385,14.732999999999999
13.870999999999999,14.974
12.394,14.644
14.322000000000001,14.529000000000002
15.83,15.716
15.802,16.018
14.698,14.112
14.706,16.46
13.592,14.92
12.3,14.770999999999999
13.399000000000001,16.119
15.130999999999998,15.9
15.386,15.715
15.455,15.44
13.75,15.267999999999999
15.699000000000002,16.055999999999997
14.806,14.333
15.172,16.706
11.249,15.133
13.888,14.485
15.325999999999999,16.585
12.975,15.161
14.074000000000002,17.22
14.182,17.834
12.24,14.729000000000001
14.825999999999999,15.945
13.097999999999999,16.23
13.857999999999999,15.035
15.525,16.787
15.315,14.568
14.03,15.663
14.423,14.940999999999999
13.636,14.964
14.535,13.356
14.616,14.152000000000001
13.081,14.027999999999999
14.939,14.549000000000001
16.027,15.71
14.319,15.118
14.862,14.285
14.014000000000001,16.78
13.408,14.6
13.08,14.194
12.687999999999999,13.811
14.192,15.365
14.866,14.470999999999998
13.394,14.344000000000001
13.587,14.390999999999998
13.102,14.376
14.542,16.372
14.255999999999998,15.042
16.188,16.361
13.633,13.629000000000001
14.652999999999999,14.975999999999999
12.619000000000002,16.772000000000002
13.034,14.257
10.859000000000002,14.479000000000001
12.935,14.607000000000001
13.992,14.962
12.572000000000001,15.197000000000001
15.683,16.221
13.213,14.352
13.99,14.524000000000001
13.466,13.658
13.132,15.799000000000001
14.354000000000001,15.023
13.552999999999999,13.732000000000001
12.985999999999999,14.81
14.373,14.950999999999999
13.589,15.198
12.26,15.614
13.665999999999999,16.445
14.345999999999998,15.449000000000002
14.607000000000001,15.777000000000001
14.154000000000002,16.574
14.049000000000001,14.390999999999998
14.069,14.624
15.889000000000001,16.337
13.975999999999999,15.842
10.882,13.462
13.909,14.977
12.368,15.142000000000001
15.168,15.519
15.338,14.232999999999999
13.550999999999998,15.73
13.579,15.472999999999999
14.245,15.085
15.331,15.710999999999999
15.917,15.157
13.854000000000001,15.321
14.087,14.307
12.636,15.651
14.363,13.872
14.501,14.618
13.97,16.173
15.130999999999998,15.289000000000001
15.152999999999999,14.014000000000001
13.31,14.390999999999998
14.257,14.297
13.716,13.527000000000001
15.700999999999999,15.995999999999999
13.389000000000001,14.365
14.140999999999998,13.974
14.845,14.017000000000001
12.705,14.273
14.954,14.732000000000001
14.280999999999999,14.613
13.068,14.833
13.603,12.203
12.687999999999999,15.811
13.883,14.118
14.015999999999998,14.335
15.366,15.825999999999999
13.578,14.88
13.392000000000001,14.345
13.694,15.922
12.879000000000001,13.202
13.699000000000002,15.418
14.015999999999998,15.822000000000001
14.59,16.381
15.008,15.51
14.06,13.758
14.460999999999999,13.344000000000001
14.645,15.039000000000001
13.855,15.866
14.280999999999999,14.023
14.933,14.325999999999999
13.769,16.512999999999998
13.444,15.079
14.032,14.41
13.819,15.587
16.507,15.22
12.204,14.321
14.882,16.362000000000002
15.16,15.15
11.788,14.55
12.884,14.573
13.62,16.424
14.53,15.447000000000001
12.645999999999999,15.107999999999999
15.548,16.432000000000002
14.401,15.213
15.210999999999999,14.935
15.062000000000001,15.117
14.862,14.702
15.405,15.345
13.794,14.687000000000001
14.634,16.301
12.457,15.546
13.998,16.736
12.933,12.624
13.703,14.715
13.124,15.448
13.817,14.092
13.025,14.251
14.534,15.765999999999998
13.252,16.323
13.237,15.337
12.13,12.667
14.380999999999998,16.031
15.982000000000001,15.524000000000001
13.751,13.642999999999999
13.357000000000001,13.424000000000001
13.085999999999999,14.868
13.612,14.868
15.177999999999999,14.154000000000002
14.155,15.287
13.225,13.96
13.942,14.76
15.390999999999998,15.714
13.175999999999998,13.674000000000001
13.387,14.665
15.159,14.782
14.556,14.049000000000001
14.627,14.296
13.286,15.658
13.815,14.172
14.311,16.254
13.536,15.77
14.800999999999998,13.818
13.773,14.65
13.765,15.023
14.052999999999999,13.939
15.309000000000001,16.042
13.155,16.921
12.699000000000002,13.999
14.368,16.758
13.263,14.099
11.913,14.613
13.37,15.183
15.995,15.453
14.158,13.770999999999999
14.97,15.592
14.751,15.469000000000001
13.33,14.347000000000001
13.05,14.687000000000001
13.776,14.235999999999999
15.174000000000001,15.51
14.213,15.083
13.821,15.610999999999999
14.124,14.955
14.548,14.859000000000002
14.099,16.031
14.577,14.257
14.523,14.23
14.3,15.265999999999998
14.558,15.487
14.225,15.860999999999999
12.04,13.345
13.079,9.3479
21.726999999999997,4.1262
12.477,14.459000000000001
19.583,10.412
23.34,16.299
18.261,17.977999999999998
4.7526,24.35
